0  0
0.00326199  0.00985561
0.00860082  0.0157243
0.0150041  0.0204533
0.0231351  0.0249901
0.0341871  0.0297926
0.0492441  0.0348955
0.0682747  0.0399087
0.0888126  0.0441438
0.110262  0.0476528
0.13252  0.0505497
0.156358  0.0529924
0.181689  0.0549819
0.208425  0.0565227
0.236474  0.0576225
0.265745  0.0582925
0.296147  0.0585475
0.32759  0.0584078
0.359983  0.0578937
0.393241  0.0570304
0.42728  0.0558406
0.462022  0.0543467
0.49739  0.0525658
0.533315  0.0505066
0.569728  0.0481688
0.606567  0.0455437
0.643772  0.0426139
0.681288  0.0393589
0.719058  0.0357629
0.757032  0.0318204
0.795156  0.0275475
0.83338  0.0229936
0.871653  0.0182466
0.910456  0.0133518
0.940391  0.00951253
0.960339  0.00684528
0.98027  0.00397211
1  -3.51698e-051
1  -3.51698e-051
0.975443  -0.00456873
0.947132  -0.00812977
0.915521  -0.0120023
0.88031  -0.0165512
0.842047  -0.0215992
0.803577  -0.0264996
0.765316  -0.0310236
0.727145  -0.0351275
0.689116  -0.0388286
0.651279  -0.0421832
0.61369  -0.0452514
0.576401  -0.048081
0.539473  -0.0506985
0.502964  -0.0531062
0.466942  -0.0552872
0.431474  -0.05721
0.396637  -0.0588316
0.36251  -0.0601026
0.32918  -0.0609749
0.296736  -0.061399
0.265276  -0.061333
0.234899  -0.0607376
0.205711  -0.0595824
0.177819  -0.0578438
0.151333  -0.0555049
0.126367  -0.0525565
0.103038  -0.0489933
0.0814682  -0.0448128
0.060326  -0.039605
0.0407296  -0.0333387
0.0271534  -0.0276853
0.017574  -0.0225556
0.0108064  -0.0178643
0.00496386  -0.0122384
0.000915267  -0.00532243
0  0
