0  0
0.00326199  0.00994932
0.00860082  0.0158546
0.0150041  0.0206134
0.0231351  0.0251825
0.0341871  0.0300242
0.0492441  0.0351743
0.0682747  0.0402367
0.0888126  0.0445118
0.110262  0.0480492
0.13252  0.0509627
0.156358  0.0534113
0.181689  0.0553966
0.208425  0.0569245
0.236474  0.058005
0.265745  0.0586518
0.296147  0.0588823
0.32759  0.0587188
0.359983  0.0581833
0.393241  0.0573019
0.42728  0.0560972
0.462022  0.0545914
0.49739  0.0528009
0.533315  0.0507342
0.569728  0.048392
0.606567  0.0457677
0.643772  0.0428477
0.681288  0.0396158
0.719058  0.0360592
0.757032  0.0321696
0.795156  0.0279475
0.83338  0.0234064
0.871653  0.0185791
0.910456  0.0134906
0.940391  0.00951982
0.960339  0.0068352
0.98027  0.00398078
1  -3.21174e-051
1  -3.21174e-051
0.975443  -0.00450578
0.947132  -0.0079265
0.915521  -0.0117476
0.88031  -0.0163768
0.842047  -0.0215347
0.803577  -0.0264976
0.765316  -0.0310387
0.727145  -0.0351439
0.689116  -0.0388561
0.651279  -0.0422427
0.61369  -0.0453614
0.576401  -0.0482501
0.539473  -0.0509233
0.502964  -0.0533731
0.466942  -0.0555766
0.431474  -0.0575002
0.396637  -0.0591026
0.36251  -0.0603385
0.32918  -0.0611649
0.296736  -0.061538
0.265276  -0.0614207
0.234899  -0.0607774
0.205711  -0.0595798
0.177819  -0.0578053
0.151333  -0.0554363
0.126367  -0.0524624
0.103038  -0.0488764
0.0814682  -0.0446741
0.060326  -0.0394431
0.0407296  -0.0331543
0.0271534  -0.0274885
0.017574  -0.0223576
0.0108064  -0.0176768
0.00496386  -0.012083
0.000915267  -0.0052418
0  0
