0  0
0.00326199  0.00992504
0.00860082  0.0158551
0.0150041  0.0206391
0.0231351  0.0252358
0.0341871  0.0301134
0.0492441  0.0353161
0.0682747  0.0404554
0.0888126  0.0448258
0.110262  0.0484722
0.13252  0.0515036
0.156358  0.0540776
0.181689  0.0561888
0.208425  0.0578351
0.236474  0.0590177
0.265745  0.0597412
0.296147  0.060014
0.32759  0.05985
0.359983  0.0592637
0.393241  0.0582751
0.42728  0.0569038
0.462022  0.0551727
0.49739  0.0531044
0.533315  0.0507206
0.569728  0.0480425
0.606567  0.0450908
0.643772  0.0418834
0.681288  0.0384353
0.719058  0.0347598
0.757032  0.030867
0.795156  0.0267659
0.83338  0.0224623
0.871653  0.0179465
0.910456  0.0131544
0.940391  0.00933569
0.960339  0.00671409
0.98027  0.00391281
1  0
1  0
0.975443  -0.00463566
0.947132  -0.00846042
0.915521  -0.012515
0.88031  -0.0168948
0.842047  -0.0214586
0.803577  -0.0258345
0.765316  -0.0299921
0.727145  -0.0339471
0.689116  -0.03769
0.651279  -0.0412102
0.61369  -0.0444938
0.576401  -0.0475251
0.539473  -0.0502855
0.502964  -0.0527525
0.466942  -0.0549027
0.431474  -0.0567118
0.396637  -0.0581539
0.36251  -0.0592016
0.32918  -0.0598307
0.296736  -0.0600149
0.265276  -0.0597334
0.234899  -0.0589647
0.205711  -0.0576925
0.177819  -0.0559034
0.151333  -0.053586
0.126367  -0.0507322
0.103038  -0.0473328
0.0814682  -0.0433763
0.060326  -0.0384614
0.0407296  -0.0325333
0.0271534  -0.0271495
0.017574  -0.022223
0.0108064  -0.0176769
0.00496386  -0.0121702
0.000915267  -0.00531985
0  0
